商品代碼	商品名稱	商品數量	商品權重
2330	台積電	482783146	59.37
2454	聯發科	29071734	6.12
2308	台達電	38379660	4.38
2317	鴻海	241111804	3.29
3711	日月光投控	65076625	1.99
2383	台光電	5673674	1.55
2303	聯電	229815420	1.43
3037	欣興	26377812	1.4
2345	智邦	9820966	1.32
2891	中信金	350158442	1.1
2327	國巨*	30610783	1.05
2360	致茂	7307235	0.9
2382	廣達	52230418	0.9
3017	奇鋐	6419671	0.89
2881	富邦金	164534301	0.85
2882	國泰金	184621877	0.8
2885	元大金	215056616	0.65
6669	緯穎	2040558	0.61
2887	台新新光金	453562770	0.59
2412	中華電	75247800	0.56
2884	玉山金	302633661	0.52
2886	兆豐金	232889361	0.51
2357	華碩	13466176	0.5
2368	金像電	6787494	0.49
3231	緯創	60319789	0.48
7769	鴻勁	1125080	0.47
1303	南亞	97154923	0.46
2301	光寶科	38300588	0.43
2344	華邦電	61527602	0.42
3661	世芯-KY	1566367	0.42
2890	永豐金	250071157	0.4
1216	統一	97092586	0.38
2408	南亞科	22145350	0.37
2883	凱基金	311466123	0.37
3008	大立光	1892780	0.37
2449	京元電子	21445726	0.35
3653	健策	1661839	0.33
2880	華南金	183440837	0.32
2892	第一金	213963655	0.32
2059	川湖	1119113	0.31
2603	長榮	21425034	0.26
5880	合庫金	206338422	0.26
2395	研華	9053840	0.23
2002	中鋼	220399132	0.22
1301	台塑	82727651	0.2
4904	遠傳	34975982	0.18
3045	台灣大	27871276	0.17
2207	和泰車	5518092	0.14
6919	康霈*	18997617	0.11
6505	台塑化	23477296	0.07
